Projection on X axis:
[  0   0   0   0   0   0   0   0   0   0   0   0   0   0   0   0   0   0
   0   0   0   0   0   0   0   0   0   0   0   0   0   0   0   0   0   0
   0   0   0   0   0   0   0   0   0   0   0   0   0   0   0   0   0   0
   0   0   0   0   0   0   0   0   0   0   0   0   0   0   0   0   0   0
   0   0   0   0   0   0   0   0   0   0   0   0   0   0   0   0   0   0
   0   0   0   0   0   0   0   0   0   0   0   0   0   0   0   0   0   0
   0   0   0   0   0   0   0   0   0   0   0   0   0   0   0   0   0   0
   0   0   0   0   0   0   0   0   0   0   0   0   0   0   0   0   0   0
   0   0   0   0   0   0   0   2  20  28  38  40  48  52  56  60  64  64
  69  71  74  77  81  81  83  85  87  89  91  93  94  94  97  98  98 100
 102 105 106 107 110 110 111 114 113 114 115 115 117 118 118 119 120 119
 121 121 120 120 122 123 123 124 124 124 125 124 125 126 125 125 125 126
 125 126 125 126 126 127 125 125 125 125 124 125 123 124 123 124 122 121
 121 121 119 119 118 117 117 115 112 113 111 112 108 109 107 105 104 101
 101 100  99  98  96  94  92  91  89  86  84  82  79  77  74  72  69  62
  59  56  52  44  38  32  26  18   9   0   0   0   0   0   0   0   0   0
   0   0   0   0   0   0   0   0   0   0   0   0   0   0   0   0   0   0
   0   0   0   0   0   0   0   0   0   0   0   0   0   0   0   0   0   0
   0   0   0   0   0   0   0   0   0   0   0   0   0   0   0   0   0   0
   0   0   0   0   0   0   0   0   0   0   0   0   0   0   0   0   0   0
   0   0   0   0   0   0   0   0   0   0   0   0   0   0   0   0   0   0
   0   0   0   0   0   0   0   0   0   0   0   0   0   0   0   0   0   0
   0   0   0   0   0   0   0   0   0   0   0   0   0   0   0   0   0   0
   0   0   0   0   0   0   0   0   0   0   0   0   0   0]
Projection on Y axis:
[  0   0   0   0   0   0   0   0   0   0   0   0   0   0   0   0   0   0
   0   0   0   0   0   0   0   0   0   0   0   0   0   0   0   0   0   0
   0   0   0   0   0   0   0   0   0   0   0   0   0   0   0   0   0   0
   0   0   0   0   0   0   0   0   0   0   0   0   0   0   0   0   0   0
   0   0   0   0   0   0   0   0   0   0   0   0   0   0   0   0   0   0
   0   0   0   0   0   0   1   1  23  23  35  41  50  51  57  59  62  65
  68  69  71  73  77  82  85  87  89  91  94  96  96  99  99 103 102 105
 106 109 108 111 109 110 111 114 115 116 116 116 117 117 118 119 118 119
 122 120 122 122 122 121 122 123 125 124 125 123 123 126 125 127 127 126
 127 127 126 127 126 127 126 127 126 127 126 127 124 124 124 124 123 124
 121 121 117 119 117 116 115 115 114 113 111 109 107 107 106 105 105 102
 103 100  99  95  95  91  91  87  89  83  84  79  77  75  72  69  65  61
  58  54  50  47  39  35  22   9   0   0   0   0   0   0   0   0   0   0
   0   0   0   0   0   0   0   0   0   0   0   0   0   0   0   0   0   0
   0   0   0   0   0   0   0   0   0   0   0   0   0   0   0   0   0   0
   0   0   0   0   0   0   0   0   0   0   0   0   0   0   0   0   0   0
   0   0   0   0   0   0   0   0   0   0   0   0   0   0   0   0   0   0
   0   0   0   0   0   0   0   0   0   0   0   0   0   0   0]
